-0.0208334 1.152 -0.0767919 -0.00114523
0.0208334 1.15245 0.07747 0.000806418
0.0625001 1.08886 0.210354 0.00472474 
0.104167 1.05102 0.328973 0.00607365 
0.145833 1.05261 0.442211 0.00614989
0.1875 1.02029 0.525711 0.00333849
0.229167 1.00133 0.604776 -0.00304306
0.270834 0.969692 0.648737 -0.0109817 
0.3125 0.968124 0.690587 -0.0188875
0.354167 0.984895 0.731463 -0.0215565
0.395834 0.991756 0.758226 -0.0205358 
0.4375 0.985982 0.769963 -0.019431 
0.479167 0.987351 0.774961 -0.018375 
0.520834 0.987919 0.769499 -0.0169599 
0.5625 0.98207 0.756106 -0.0161843
0.604167 0.977646 0.73959 -0.0159806 
0.645834 0.980767 0.71929 -0.0158891
0.687501 1 0.690718 -0.0156147
0.729167 1.04973 0.656892 -0.0151605 
0.770834 1.10591 0.619645 -0.0140682 
0.812501 1.09861 0.57447 -0.0117369 
0.854167 1.04961 0.52123 -0.00846388 
0.895834 1.02729 0.452382 -0.00456645 
0.937501 1.0178 0.336893 -0.00103218
0.979167 1.00848 0.140529 0.000167759 
1.02083 1.00848 -0.139649 -7.78424e-05 
